%YAML:1.0
---
camera_matrix: !!opencv-matrix
   rows: 3
   cols: 3
   dt: d
   data: [ 1.3858474113169152e+03, 0., 9.2760219969577759e+02, 0.,
       1.3868611774421822e+03, 5.3094510859232616e+02, 0., 0., 1. ]
distortion_coefficients: !!opencv-matrix
   rows: 1
   cols: 5
   dt: d
   data: [ 1.1977247971109226e-01, -2.4913668136987549e-01,
       -1.7594693037823255e-03, -1.5759479869486758e-03,
       9.4743597423158812e-02 ]
